function nullo = NulloFirstOrder(q, pinvJa, Ja, KN)

% gradiente = [-(3125000*q(1))/880368241
%     - (390625*q(2))/54831392 - 7884179344403547/1152921504606846976
%     - (12500000*q(3))/880368241 - 5713086671702609/4611686018427387904
%     -(390625*q(4))/167921138
%     -(3125000*q(5))/514790721
%     6524213551548077/147573952589676412928 - (268435456*q(6))/19075340911837
%     -q(7)/32000000
%     -q(8)/32000000];



 
  gradiente =  [(50000000*q(1))/880368241;
 (390625*q(2))/3426962 + 5999375/54831392;
 (200000000*q(3))/880368241 + 17450000/880368241;
                      (3125000*q(4))/83960569;
          (50000000*q(5))/514790721;
 (2475880078570760549798248448*q(6))/10996185372481829315592892100041 - 4861390534273688339528860827648/6872615857801143322245557562525625;
                       q(7)/2000000;
                     q(8)/2000000];



dq0 = KN.*(-gradiente);


nullo = (eye(8) - pinvJa*Ja)*dq0;

end

